 0
 11
 12
 12
 11
 12
 9
 4
 11
 11
 10
 10
 3
 11
 13
 11
 0
 12
 11
 0
 19
 18
 16
 17
 17
 4
 16
 18
 19
 20
 2
 18
 18
 18
 0
 18
 12
 19
 0
 121
 124
 130
 126
 5
 128
 132
 132
 128
 1
 126
 127
 130
 0
 18
 12
 18
 121
 0
 215
 205
 197
 4
 193
 139
 185
 128
 1
 184
 186
 197
 14
 19
 11
 16
 124
 215
 0
 196
 209
 4
 201
 130
 209
 131
 2
 179
 189
 196
 14
 20
 12
 17
 130
 205
 196
 0
 197
 5
 190
 132
 188
 128
 2
 164
 187
 190
 14
 22
 9
 17
 126
 197
 209
 197
 0
 4
 183
 116
 179
 128
 0
 166
 183
 185
 14
 15
 4
 4
 5
 4
 4
 5
 4
 0
 5
 4
 6
 3
 1
 5
 4
 5
 0
 7
 11
 16
 128
 193
 201
 190
 183
 5
 0
 123
 185
 128
 2
 167
 182
 188
 14
 23
 11
 18
 132
 139
 130
 132
 116
 4
 123
 0
 132
 141
 2
 130
 131
 127
 0
 19
 10
 19
 132
 185
 209
 188
 179
 6
 185
 132
 0
 129
 1
 157
 181
 177
 14
 22
 10
 20
 128
 128
 131
 128
 128
 3
 128
 141
 129
 0
 2
 131
 127
 129
 0
 20
 3
 2
 1
 1
 2
 2
 0
 1
 2
 2
 1
 2
 0
 2
 2
 2
 0
 1
 11
 18
 126
 184
 179
 164
 166
 5
 167
 130
 157
 131
 2
 0
 153
 163
 14
 17
 13
 18
 127
 186
 189
 187
 183
 4
 182
 131
 181
 127
 2
 153
 0
 182
 14
 16
 11
 18
 130
 197
 196
 190
 185
 5
 188
 127
 177
 129
 2
 163
 182
 0
 14
 18
 0
 0
 0
 14
 14
 14
 14
 0
 14
 0
 14
 0
 0
 14
 14
 14
 0
 0
 12
 18
 18
 19
 20
 22
 15
 7
 23
 19
 22
 20
 1
 17
 16
 18
 0
 0
