 78, 1, 84, 2248, 2072, 2299, 1966
 53, 0, 24, 1184, 1054, 939, 793
 19, 1, 52, 880, 834, 1137, 979
 1, 0, 6, 90, 77, 136, 105
 5, 0, 2, 94, 107, 87, 89
 82, 3, 164, 3215, 2969, 3901, 3577
 57, 2, 62, 1737, 1593, 1775, 1662
 19, 1, 93, 1280, 1221, 1906, 1717
 4, 0, 6, 121, 104, 145, 136
 2, 0, 3, 77, 51, 75, 62
 642, 17, 800, 16861, 17979, 18074, 18901
 358, 9, 293, 7599, 8164, 7234, 7809
 236, 7, 437, 7823, 8414, 9167, 9490
 39, 1, 51, 1126, 1058, 1275, 1225
 9, 0, 19, 313, 343, 398, 377
 1243, 30, 745, 24093, 26334, 20946, 23985
 627, 15, 239, 11130, 12212, 8685, 10236
 488, 13, 396, 9978, 11078, 9441, 10927
 69, 0, 47, 1589, 1514, 1417, 1355
 59, 2, 63, 1396, 1530, 1403, 1467
 1271, 24, 751, 24650, 26978, 21462, 24149
 661, 6, 227, 11457, 12535, 8670, 9976
 480, 13, 378, 9843, 10936, 9373, 10625
 67, 1, 61, 1731, 1689, 1662, 1599
 63, 4, 85, 1619, 1818, 1757, 1949
 1135, 30, 814, 23751, 25376, 21431, 23829
 571, 14, 300, 11123, 11973, 9191, 10200
 441, 13, 415, 9758, 10632, 9622, 10863
 63, 1, 50, 1631, 1410, 1477, 1513
 60, 2, 49, 1239, 1361, 1141, 1253
 869, 25, 1034, 21102, 23700, 22351, 24426
 469, 14, 390, 9949, 11281, 9653, 10777
 330, 11, 556, 9340, 10484, 10760, 11617
 36, 0, 63, 1286, 1253, 1438, 1376
 34, 0, 25, 527, 682, 500, 656
 27, 0, 43, 851, 848, 950, 791
 20, 0, 15, 450, 433, 414, 396
 6, 0, 27, 377, 392, 515, 374
 1, 0, 1, 24, 23, 21, 21
 0, 0, 0, 0, 0, 0, 0
 1008, 18, 913, 22837, 24526, 21767, 23931
 567, 9, 303, 10658, 11435, 8673, 9785
 359, 8, 513, 9935, 10782, 10770, 11775
 47, 0, 47, 1240, 1219, 1260, 1225
 35, 1, 50, 1004, 1090, 1064, 1146
 689, 8, 790, 18799, 19211, 18990, 19854
 333, 4, 327, 8503, 8896, 8153, 8570
 240, 4, 414, 7662, 8004, 8751, 9307
 82, 0, 28, 1863, 1538, 1375, 1269
 34, 0, 21, 771, 773, 711, 708
 899, 18, 1009, 21823, 23685, 22496, 24139
 464, 5, 402, 10431, 11087, 9983, 10682
 358, 11, 516, 9428, 10491, 10400, 11329
 34, 0, 64, 1086, 1184, 1346, 1242
 43, 2, 27, 878, 923, 767, 886
 622, 14, 847, 18043, 18567, 19535, 20068
 313, 10, 340, 7986, 8540, 8104, 8625
 237, 3, 436, 8064, 8152, 9483, 9551
 48, 0, 44, 1318, 1227, 1255, 1161
 24, 1, 27, 675, 648, 693, 731
 12, 1, 13, 319, 309, 348, 282
 8, 0, 6, 169, 163, 150, 150
 4, 1, 7, 150, 146, 198, 132
 0, 0, 0, 0, 0, 0, 0
 0, 0, 0, 0, 0, 0, 0
 931, 17, 839, 22071, 23622, 21610, 22848
 472, 10, 326, 10547, 11390, 9553, 10268
 360, 5, 439, 9126, 9963, 9763, 10406
 53, 1, 45, 1442, 1337, 1427, 1233
 46, 1, 29, 956, 932, 867, 941
 701, 19, 1175, 19886, 22175, 23164, 25063
 417, 7, 462, 9695, 10720, 9802, 11061
 232, 12, 636, 8607, 9832, 11561, 12335
 38, 0, 58, 1188, 1194, 1398, 1246
 14, 0, 19, 396, 429, 403, 421
 866, 19, 1047, 21618, 24254, 22947, 24774
 496, 9, 411, 11020, 11977, 10515, 11157
 330, 10, 578, 9520, 11144, 11203, 12315
 20, 0, 29, 621, 564, 705, 677
 20, 0, 29, 457, 569, 524, 625
 27, 2, 97, 841, 1135, 1245, 1597
 15, 1, 47, 431, 593, 608, 783
 12, 1, 50, 410, 542, 637, 814
 0, 0, 0, 0, 0, 0, 0
 0, 0, 0, 0, 0, 0, 0
 164, 2, 101, 3792, 3547, 3284, 3107
 96, 0, 28, 1986, 1806, 1414, 1378
 51, 1, 54, 1335, 1261, 1368, 1296
 6, 0, 8, 166, 158, 185, 166
 11, 1, 11, 305, 322, 317, 267
