 0
 0
 3
 1
 3
 3
 4
 3
 0
 1
 0
 2
 2
 1
 1
 1
 0
 0
 0
 4
 1
 4
 1
 0
 1
 0
 2
 1
 0
 0
 0
 21
 0
 0
 0
 0
 0
 22
 22
 0
 0
 0
 0
 0
 0
 22
 22
 0
 0
 0
 21
 0
 0
 1
 0
 22
 3
 0
 0
 3
 5
 5
 5
 5
 0
 4
 0
 3
 2
 5
 2
 2
 4
 0
 3
 5
 3
 5
 3
 2
 4
 0
 4
 5
 1
 21
 3
 0
 15
 25
 131
 55
 1
 175
 40
 14
 0
 25
 106
 1
 19
 151
 172
 6
 104
 61
 177
 4
 158
 32
 2
 179
 3
 0
 5
 15
 0
 18
 16
 18
 0
 11
 0
 14
 2
 14
 19
 1
 14
 0
 17
 5
 16
 20
 9
 2
 15
 0
 4
 16
 3
 0
 5
 25
 18
 0
 34
 33
 0
 27
 0
 16
 2
 27
 28
 0
 12
 4
 26
 6
 26
 34
 29
 3
 28
 0
 4
 24
 4
 0
 5
 131
 16
 34
 0
 62
 0
 133
 0
 13
 2
 26
 96
 0
 12
 101
 116
 6
 105
 57
 123
 2
 129
 5
 4
 120
 3
 0
 5
 55
 18
 33
 62
 0
 0
 57
 0
 13
 2
 27
 62
 1
 16
 35
 52
 5
 54
 57
 58
 2
 60
 0
 6
 55
 0
 0
 0
 1
 0
 0
 0
 0
 0
 1
 1
 0
 0
 0
 0
 0
 1
 1
 1
 0
 0
 0
 1
 0
 0
 0
 0
 1
 1
 22
 4
 175
 11
 27
 133
 57
 1
 0
 42
 17
 0
 29
 101
 1
 16
 147
 174
 5
 99
 54
 182
 4
 161
 31
 2
 179
 0
 22
 0
 40
 0
 0
 0
 0
 1
 42
 0
 0
 0
 0
 0
 0
 2
 40
 39
 0
 0
 0
 42
 0
 15
 16
 0
 38
 2
 0
 3
 14
 14
 16
 13
 13
 0
 17
 0
 0
 0
 18
 17
 1
 13
 0
 17
 3
 15
 12
 18
 4
 17
 0
 2
 14
 2
 0
 2
 0
 2
 2
 2
 2
 0
 0
 0
 0
 0
 0
 0
 0
 0
 0
 0
 2
 0
 2
 0
 0
 0
 0
 2
 0
 1
 0
 5
 25
 14
 27
 26
 27
 0
 29
 0
 18
 0
 0
 27
 2
 17
 4
 25
 3
 24
 24
 31
 4
 30
 0
 2
 28
 1
 0
 2
 106
 19
 28
 96
 62
 0
 101
 0
 17
 0
 27
 0
 1
 21
 77
 104
 2
 108
 57
 107
 4
 104
 0
 2
 104
 1
 0
 2
 1
 1
 0
 0
 1
 0
 1
 0
 1
 0
 2
 1
 0
 1
 0
 2
 1
 1
 1
 1
 0
 1
 0
 0
 2
 0
 0
 4
 19
 14
 12
 12
 16
 1
 16
 2
 13
 0
 17
 21
 1
 0
 2
 21
 3
 16
 15
 20
 4
 15
 0
 4
 22
 0
 22
 0
 151
 0
 4
 101
 35
 1
 147
 40
 0
 0
 4
 77
 0
 2
 0
 150
 0
 76
 34
 153
 0
 129
 32
 0
 147
 0
 22
 3
 172
 17
 26
 116
 52
 1
 174
 39
 17
 0
 25
 104
 2
 21
 150
 0
 2
 101
 57
 174
 4
 150
 32
 2
 173
 4
 0
 5
 6
 5
 6
 6
 5
 0
 5
 0
 3
 2
 3
 2
 1
 3
 0
 2
 0
 4
 5
 3
 2
 3
 0
 4
 3
 1
 0
 3
 104
 16
 26
 105
 54
 0
 99
 0
 15
 0
 24
 108
 1
 16
 76
 101
 4
 0
 59
 96
 6
 107
 0
 2
 100
 4
 0
 5
 61
 20
 34
 57
 57
 0
 54
 0
 12
 2
 24
 57
 1
 15
 34
 57
 5
 59
 0
 52
 4
 54
 0
 4
 54
 1
 21
 3
 177
 9
 29
 123
 58
 1
 182
 42
 18
 0
 31
 107
 1
 20
 153
 174
 3
 96
 52
 0
 4
 163
 31
 2
 180
 0
 0
 2
 4
 2
 3
 2
 2
 0
 4
 0
 4
 0
 4
 4
 0
 4
 0
 4
 2
 6
 4
 4
 0
 4
 0
 2
 4
 1
 0
 4
 158
 15
 28
 129
 60
 0
 161
 15
 17
 0
 30
 104
 1
 15
 129
 150
 3
 107
 54
 163
 4
 0
 31
 3
 159
 0
 1
 0
 32
 0
 0
 5
 0
 0
 31
 16
 0
 0
 0
 0
 0
 0
 32
 32
 0
 0
 0
 31
 0
 31
 0
 0
 31
 2
 0
 4
 2
 4
 4
 4
 6
 0
 2
 0
 2
 2
 2
 2
 0
 4
 0
 2
 4
 2
 4
 2
 2
 3
 0
 0
 2
 1
 22
 5
 179
 16
 24
 120
 55
 1
 179
 38
 14
 0
 28
 104
 2
 22
 147
 173
 3
 100
 54
 180
 4
 159
 31
 2
 0
